7.046497962605849721e-03
8.100750859089013781e-03
3.371119429119601076e-03
2.028606509902378639e-03
2.999120089222532225e-03
6.169312303259961126e-03
1.197286271435439326e-03
8.464116899987699644e-03
4.168435859045990441e-03
4.012815776918093533e-03
4.797613401004321813e-03
8.365481397437131081e-03
7.630464145758020234e-03
3.636856173400141411e-03
6.765865013874924894e-03
3.712184535062338503e-03
5.894946438017765154e-03
1.035823435892018179e-03
2.535596584020760776e-03
5.373900679154127065e-03
5.023889644631247819e-03
5.730240222068253703e-03
6.224833599402428662e-03
8.172314564180683041e-03
3.165210455721538963e-03
3.618596907615951978e-03
1.123569807102421398e-03
1.068376540672674171e-03
9.222590483659641111e-03
7.215695100615157967e-03
3.152804477604498421e-04
1.195323779241546161e-03
5.565805921089365428e-03
3.408398291388798924e-03
4.003597801136611276e-03
7.647976360572473695e-03
2.040382284854075530e-03
1.338161294925100872e-03
1.047051221026977768e-03
4.525620952332180293e-03
4.151206612935326792e-03
8.239842613318462683e-03
1.244248577004613025e-03
3.038331286982619544e-03
7.513454523937547133e-03
6.479206987752738484e-03
4.722342279842673372e-03
1.020457411145035990e-03
1.349166445751066650e-03
6.533914008483507341e-03
4.608314160105276007e-04
7.997696915389377464e-03
7.768563244609741347e-03
9.179598574029789598e-03
7.696821969448686650e-04
4.123713207903616403e-03
9.039024873920052314e-03
1.597687042684022962e-03
3.278148277980472668e-03
2.886196686977436036e-03
6.792098008553622973e-03
2.118404517536847092e-03
6.104519383419338904e-03
3.653800039459764899e-03
9.731641950541436437e-03
1.986391242532692337e-04
5.136466430341673009e-03
2.180897836400892340e-03
2.945912272846661246e-03
1.064671217002229877e-03
3.859042470357110493e-03
9.255800086798170873e-03
2.587807791566587579e-03
7.727397317052599884e-03
3.561813763340202724e-03
7.325095538130764125e-03
6.993737055740967268e-03
1.266627325971941918e-03
2.650365289811015476e-03
4.767131018687565140e-04
3.197465842869977835e-03
8.133842400315650922e-03
8.023078940916921961e-03
6.101286611486644992e-04
4.349309415710914464e-03
8.206344605428824227e-03
9.055768087664483809e-03
7.083689577939107813e-03
1.934371725036268053e-03
1.983880777446748404e-03
7.217311945526286299e-03
7.463923738928893679e-03
4.394326353238406889e-03
4.658012242323905845e-04
1.285006688982826082e-04
5.829166971737768585e-03
1.676915996320131825e-03
1.520167397315037644e-03
6.237532462767892208e-03
4.593434909671316110e-03
3.040118702963673456e-03
7.031939715746399720e-03
7.974668078286282699e-03
6.539903696803667406e-03
1.535849885787943367e-03
6.906118147996682770e-03
9.346668881330660178e-03
5.964744734409830815e-03
8.317464381752884620e-03
4.473504103621012487e-03
6.509885453916615210e-03
4.308114608629566057e-03
5.217574247238811018e-03
3.253099386549192142e-03
4.752496009533819198e-03
4.010298295858623872e-03
7.908841357817802953e-03
9.125568945503073973e-03
5.030921390525907450e-03
7.392969096426100714e-03
4.028833828863206262e-03
1.804707849261437663e-03
7.411635596263005735e-03
7.298760239793743512e-03
4.247489810372817587e-03
3.223005363324118328e-03
2.863669534970047972e-03
9.280539094839525965e-03
1.603333607282575381e-04
5.871804151235273002e-03
7.288919808276871255e-03
9.551736392393220254e-03
8.960177484038735901e-03
6.475604652654569533e-03
4.802999798237530399e-03
6.846968450163524664e-03
4.377799914222641094e-03
7.698034405488788680e-03
6.968104874708551388e-03
5.592692843606304406e-03
5.241837101637394740e-03
1.298142463721345787e-03
6.276875167407714113e-05
4.008007483270650123e-03
6.127442038803995045e-03
1.980104937253923669e-04
3.431713109764814723e-03
1.599942947899068947e-04
6.879042951820335799e-04
8.909571872640209902e-03
9.520398961785728545e-03
7.467424694540496580e-03
7.315724961932565731e-03
9.351428676152812730e-03
8.257956116717611594e-03
5.370811787464030256e-03
8.981255601049870085e-03
5.522187757115690036e-03
1.233229787651615120e-03
5.305693331112558593e-03
8.570165225384071897e-03
9.947057633489596318e-03
9.478575320620125436e-03
2.323299727002567979e-03
5.798085781308136809e-03
4.657585138807763571e-03
3.162872397600180485e-04
2.572219732024253434e-03
2.848641745570811533e-03
4.396657708868064937e-03
6.208227167375069723e-03
8.571816723054145534e-03
9.033866717850289399e-03
4.572537523934101615e-03
9.129194999809190497e-03
7.547140546862163117e-03
3.060764458270182216e-04
7.790666687980995868e-03
2.349868675760085224e-03
7.254756971141787004e-03
9.822691695836294982e-04
9.670350598459043906e-03
6.902932898226769518e-03
8.327794034413643284e-03
3.085568688792384145e-03
4.649892046087800222e-04
9.808546801067493173e-03
3.056025205357936359e-03
8.515518527654884762e-03
5.680988521971105758e-03
2.624965342503093966e-03
3.099070550071237901e-03
6.318141562654470966e-03
8.467431756281512331e-03
4.747816674020998058e-03
7.258919415351141463e-03
6.973616969828057462e-03
8.193579048471372195e-03
9.038705412781828860e-03
6.827673067213668907e-03
9.964737828827254645e-03
3.741358591691185381e-03
5.531536154520789485e-03
8.673929806843783553e-04
3.471314086428566210e-03
5.166552467749949487e-03
4.851382221202385839e-03
3.867185005754799829e-03
6.426619749226153942e-03
2.032099922502787152e-03
5.333092510198374214e-03
1.261529194005707281e-03
1.467651100963962552e-04
9.329970747859621383e-03
5.387650074905816697e-03
3.246838422601361286e-04
3.893580455655614152e-03
3.063801977910817105e-03
9.538713697639943090e-03
4.923264324631188363e-03
9.045715825117608966e-03
6.067552108258779039e-03
9.945273959509564818e-03
9.677958777373775121e-03
5.703720642232401605e-03
9.142092060495909597e-03
8.305674378591193854e-03
6.270074024487970075e-04
7.460105729552257659e-04
4.125062303727851550e-03
6.117985862539841897e-03
2.389557340802763667e-03
5.094566466385094632e-03
7.331783188569040294e-03
8.024609104409713770e-03
4.354059520681143568e-03
3.126557532502423093e-03
9.835113272010665222e-03
5.861479452180205774e-03
4.098079590519469392e-03
2.790992203840556799e-03
5.413106154427738169e-04
7.267589973940026364e-03
9.523906966959936118e-03
4.067501272645800310e-03
5.888254975842934121e-03
6.974124583921588114e-03
9.304554885217182145e-03
6.042216881385223046e-03
3.374555220089083679e-03
2.443775698037349304e-03
5.372653567512664270e-04
5.778120809258105277e-03
7.700987904047162068e-03
9.702269506453172279e-03
1.069369614197204299e-03
6.526655016491567573e-04
7.166777265623032293e-03
3.573326302022737915e-03
8.802092559190004273e-03
8.007831192972244064e-03
7.609723877643217310e-03
5.376381773327376483e-03
7.801380385387888389e-03
4.440132826513394464e-03
2.757019876032064040e-03
8.324199700968658994e-03
7.101581616010153516e-03
6.278118512342224268e-03
8.976375240673220915e-03
8.462590302033197801e-03
3.258970253400709192e-03
1.298637825966403401e-03
8.302204277778402804e-04
1.747239391997839177e-03
4.686203001695996538e-03
5.377760732320668174e-03
8.786762262602703516e-03
7.215727076881869699e-03
6.017045582485332916e-03
6.103695275725965624e-03
5.292031221729743282e-04
6.210742311198400381e-03
8.091520992292516867e-03
1.435895489592935387e-03
5.976509318163310443e-03
5.847022780650973882e-03
2.076707298380747746e-03
9.534176611837592852e-03
8.957820196415451630e-03
5.692972315281761772e-03
5.571214349554744205e-03
1.288627185199788753e-03
8.612551182447305068e-03
7.273170817572819150e-03
7.688667651664400117e-03
4.668235284679802914e-03
6.885871748826086214e-03
7.399394182050622951e-03
7.609393996011473704e-03
9.914059078152480387e-03
6.501139750787932221e-04
5.598057236441041258e-03
1.703331852435618877e-04
5.458131650943303347e-03
1.689842326874092457e-03
8.633725889845476897e-03
8.306810567740830452e-04
1.374259423566329651e-03
9.924855956292423509e-03
9.055497544219510628e-03
1.286203686559916860e-03
2.949225511592682477e-03
5.063939274578500502e-03
7.835153909342248285e-03
1.042402421172080717e-03
2.114742457849523236e-03
4.095397760709091825e-03
9.807741644825588787e-03
9.987297381416137404e-03
5.830105415785631108e-03
9.842850573782290988e-03
6.735044029732168910e-03
7.320623546905311897e-03
4.188713364610979588e-03
9.096259223035394609e-03
4.155233685858832765e-03
8.098084931062442607e-03
2.482869768691333637e-03
4.059688476637484354e-03
2.050182294763897971e-03
8.186900231789517694e-04
3.787006486366301279e-03
5.446893514576394042e-03
6.436194166043795529e-05
5.185590676801275084e-03
8.186387487623245432e-03
4.157271506716042750e-04
0.000000000000000000e+00
0.000000000000000000e+00
0.000000000000000000e+00
0.000000000000000000e+00
0.000000000000000000e+00
0.000000000000000000e+00
0.000000000000000000e+00
0.000000000000000000e+00
0.000000000000000000e+00
0.000000000000000000e+00
0.000000000000000000e+00
0.000000000000000000e+00
0.000000000000000000e+00
0.000000000000000000e+00
0.000000000000000000e+00
0.000000000000000000e+00
0.000000000000000000e+00
0.000000000000000000e+00
0.000000000000000000e+00
0.000000000000000000e+00
0.000000000000000000e+00
0.000000000000000000e+00
0.000000000000000000e+00
0.000000000000000000e+00
0.000000000000000000e+00
0.000000000000000000e+00
1.504487686830117184e-03
9.104356865335998250e-03
5.884408067235213750e-03
2.864783948147323761e-03
3.217110822634494834e-03
2.519466417578945967e-03
2.252680527571169437e-03
8.665177553479692235e-03
1.739896653407283465e-03
6.034350882259749589e-03
5.809112707507916792e-03
7.442972584637919196e-04
5.550066694660378032e-03
3.393439340586725753e-03
9.143717904062110755e-03
7.512931572574944525e-03
8.626327584388729722e-03
6.363635162491395637e-03
6.068750961873164811e-03
8.802485028619105867e-03
3.439304471046211709e-04
8.043623313395770885e-03
4.668492265306493569e-03
4.809427227391156918e-03
8.810630996797616521e-03
1.897782216798168378e-03
0.000000000000000000e+00
